31
100
152
59
176
113
17
298
62
82
259
138
346
353
68
352
435
110
492
200
424
130
162
380
298
74
421
28
62
456
119
388
105
218
56
157
130
437
3
187
492
193
356
460
168
336
73
39
416
351
397
74
355
415
151
406
158
334
401
498
462
295
366
130
367
2
123
290
490
75
58
419
308
99
154
413
368
304
8
424
306
370
474
9
196
182
24
90
202
206
317
417
225
426
499
418
456
223
313
380
428
448
102
92
442
36
134
218
261
80
275
393
471
399
90
147
75
494
109
499
436
346
10
462
499
130
55
79
264
429
209
121
304
200
295
123
191
455
479
111
178
486
206
261
441
337
398
261
270
432
396
218
464
85
336
300
151
400
418
198
437
268
490
461
339
369
212
49
329
269
338
305
6
497
329
268
179
267
113
387
73
330
494
340
330
72
27
58
35
321
433
184
53
363
371
322
370
89
128
279
35
342
53
28
214
266
466
106
356
109
304
15
203
126
131
328
358
50
96
357
233
174
163
63
467
246
41
81
124
26
312
254
112
176
385
1
411
495
158
52
451
382
240
445
267
253
85
394
422
48
213
326
136
473
434
357
457
361
64
129
299
219
304
72
22
6
9
414
366
393
139
22
68
130
125
143
432
78
466
58
129
76
104
287
499
206
75
323
399
150
284
92
287
409
102
241
52
323
480
318
299
275
415
364
358
349
203
80
307
420
123
183
312
64
248
446
50
467
152
358
330
66
218
69
72
347
300
333
46
48
226
359
45
439
186
491
419
42
264
473
197
456
441
389
478
469
112
431
375
7
64
341
167
201
85
417
277
454
422
389
15
304
488
342
88
125
177
387
181
142
328
74
316
109
56
453
494
36
41
389
205
363
491
312
151
446
458
24
384
52
218
38
391
70
301
4
261
272
347
297
432
489
436
341
459
277
477
458
481
14
80
495
243
427
200
254
304
432
203
189
61
52
17
5
331
79
399
119
476
496
437
90
146
48
230
183
120
426
245
148
53
256
347
191
436
187
93
40
326
441
77
485
310
460
476
178
485
95
280
461
423
287
477
284
472
299
369
460
62
38
146
135
441
66
203
79
255
326
240
427
318
151
42
477
167
21
216
164
420
326
62
290
427
382
401
423
394
452
193
132
447
299
139
423
94
167
210
34
349
117
468
290
82
461
152
242
366
315
129
178
358
116
206
218
82
366
22
305
442
40
392
359
152
55
125
96
298
167
254
358
332
368
299
339
499
154
387
498
478
6
332
410
135
86
397
216
473
287
90
171
476
245
444
136
48
476
296
409
1
349
381
137
463
59
269
334
151
10
141
240
114
417
272
172
212
488
406
271
442
480
307
134
183
69
372
364
422
425
256
100
366
106
396
332
373
288
37
325
459
342
206
193
401
462
81
281
315
153
177
401
310
185
471
265
458
253
391
471
283
313
453
144
447
128
58
23
197
74
324
264
423
221
273
233
492
326
386
318
303
358
457
450
452
20
329
394
62
318
262
383
70
314
359
226
36
196
183
257
449
165
47
49
152
311
357
98
55
47
130
140
248
445
94
215
140
486
461
34
324
289
132
295
164
237
191
71
493
261
358
71
236
111
479
12
392
321
1
242
296
499
131
485
388
485
54
272
96
469
40
460
314
53
121
200
261
207
13
114
346
76
437
265
283
428
86
22
392
484
496
445
207
160
42
391
446
107
226
30
324
36
331
55
327
441
309
482
137
391
154
386
118
227
269
148
376
184
77
168
304
495
216
102
405
374
404
440
457
493
174
24
115
482
227
138
295
317
16
386
258
195
471
62
135
372
139
187
243
108
218
274
97
211
160
90
426
369
281
41
159
289
309
147
335
224
304
152
317
180
484
46
399
307
50
482
419
72
227
251
22
213
87
236
165
336
116
460
172
291
89
181
336
367
228
365
355
422
338
12
182
241
270
398
265
365
284
52
147
20
379
370
107
190
119
109
82
48
108
475
58
39
415
436
269
390
270
103
130
41
331
42
182
179
419
331
254
287
160
416
23
183
348
272
169
435
122
242
48
277
373
39
198
499
342
443
277
6
222
56
409
363
45
92
171
439
369
275
184
345
497
4
328
475
83
38
71
1
64
248
86
90
493
423
320
440
345
444
86
323
210
98
460
121
135
368
222
469
500
345
304
170
93
413
324
271
7
129
114
75
296
487
493
306
14
152
62
385
491
318
405
49
100
202
150
371
344
6
281
101
246
402
14
242
356
496
86
69
179
246
129
113
243
9
193
181
441
271
171
235
257
233
