1
1
1
1
10
10
100
100
100
101
102
102
102
103
104
105
106
106
107
107
108
108
109
109
109
109
110
111
111
112
112
113
113
113
114
114
114
115
116
116
117
118
119
119
119
12
12
120
121
121
121
122
123
123
123
124
125
125
125
126
128
128
129
129
129
129
129
13
130
130
130
130
130
130
130
131
131
132
132
134
134
135
135
135
135
136
136
137
137
138
138
139
139
139
14
14
14
140
140
141
142
143
144
146
146
147
147
147
148
148
15
15
150
150
151
151
151
151
151
152
152
152
152
152
152
152
153
154
154
154
157
158
158
159
16
160
160
160
162
163
164
164
165
165
167
167
167
167
168
168
169
17
17
170
171
171
171
172
172
174
174
176
176
177
177
178
178
178
179
179
179
180
181
181
181
182
182
182
183
183
183
183
183
184
184
184
185
186
187
187
187
189
190
191
191
191
193
193
193
193
195
196
196
197
197
198
198
2
20
20
200
200
200
200
201
202
202
203
203
203
203
205
206
206
206
206
206
207
207
209
21
210
210
211
212
212
213
213
214
215
216
216
216
218
218
218
218
218
218
218
219
22
22
22
22
22
221
222
222
223
224
225
226
226
226
227
227
227
228
23
23
230
233
233
233
235
236
236
237
24
24
24
240
240
240
241
241
242
242
242
242
243
243
243
245
245
246
246
246
248
248
248
251
253
253
254
254
254
254
255
256
256
257
257
258
259
26
261
261
261
261
261
261
262
264
264
264
265
265
265
266
267
267
268
268
269
269
269
269
27
270
270
270
271
271
271
272
272
272
272
273
274
275
275
275
277
277
277
277
279
28
28
280
281
281
281
283
283
284
284
284
287
287
287
287
287
288
289
289
290
290
290
291
295
295
295
295
296
296
296
297
298
298
298
299
299
299
299
299
3
30
300
300
301
303
304
304
304
304
304
304
304
304
304
305
305
306
306
307
307
307
308
309
309
31
310
310
311
312
312
312
313
313
314
314
315
315
316
317
317
317
318
318
318
318
318
320
321
321
322
323
323
323
324
324
324
324
325
326
326
326
326
326
327
328
328
328
329
329
329
330
330
330
331
331
331
331
332
332
332
333
334
334
335
336
336
336
336
337
338
338
339
339
34
34
340
341
341
342
342
342
342
344
345
345
345
346
346
346
347
347
347
348
349
349
349
35
35
351
352
353
355
355
356
356
356
357
357
357
358
358
358
358
358
358
358
359
359
359
36
36
36
36
361
363
363
363
364
364
365
365
366
366
366
366
366
367
367
368
368
368
369
369
369
369
37
370
370
370
371
371
372
372
373
373
374
375
376
379
38
38
38
380
380
381
382
382
383
384
385
385
386
386
386
387
387
387
388
388
389
389
389
39
39
39
390
391
391
391
391
392
392
392
393
393
394
394
394
396
396
397
397
398
398
399
399
399
399
4
4
40
40
40
400
401
401
401
401
402
404
405
405
406
406
409
409
409
41
41
41
41
410
411
413
413
414
415
415
415
416
416
417
417
417
418
418
419
419
419
419
42
42
42
42
420
420
421
422
422
422
422
423
423
423
423
423
424
424
425
426
426
426
427
427
427
428
428
429
431
432
432
432
432
433
434
435
435
436
436
436
436
437
437
437
437
439
439
440
440
441
441
441
441
441
441
442
442
442
443
444
444
445
445
445
446
446
446
447
447
448
449
45
45
450
451
452
452
453
453
454
455
456
456
456
457
457
457
458
458
458
459
459
46
46
460
460
460
460
460
460
461
461
461
461
462
462
462
463
464
466
466
467
467
468
469
469
469
47
47
471
471
471
471
472
473
473
473
474
475
475
476
476
476
476
477
477
477
478
478
479
479
48
48
48
48
48
48
480
480
481
482
482
482
484
484
485
485
485
485
486
486
487
488
488
489
49
49
49
490
490
491
491
491
492
492
492
493
493
493
493
494
494
494
495
495
495
496
496
496
497
497
498
498
499
499
499
499
499
499
499
5
50
50
50
500
52
52
52
52
52
53
53
53
53
54
55
55
55
55
56
56
56
58
58
58
58
58
59
59
6
6
6
6
6
61
62
62
62
62
62
62
62
63
64
64
64
64
66
66
68
68
69
69
69
7
7
70
70
71
71
71
72
72
72
72
73
73
74
74
74
74
75
75
75
75
76
76
77
77
78
79
79
79
8
80
80
80
81
81
82
82
82
82
83
85
85
85
86
86
86
86
86
87
88
89
89
9
9
9
90
90
90
90
90
90
92
92
92
93
93
94
94
95
96
96
96
97
98
98
99
